0 1 1 1 1 0 1 0 1 1 0 1 1 1 0 0 0 1 0 1 1 1 1 1 0 1 0 1 0 1 0 0 0 1 0 1 1 1 1 1 0 0 0 0 1 0 1 0 0 1 1 0 0 1 1 0 1 1 0 0 1 1 1 1 1 0 0 1 1 0 0.33333334
0 2 1 0 1 0 1 1 1 1 1 0 0 0 1 0 1 0 1 0 0 1 0 1 0 1 0 1 1 0 0 0 1 1 0 1 0 0 1 0 1 0 0 0 0 1 1 1 1 0 0 1 0 1 0 0 1 1 1 0 0 0 1 0 0 0 0 1 1 1 0.3652174
0 3 1 1 1 0 1 1 1 1 1 0 1 1 1 1 1 1 1 1 1 0 0 0 1 1 1 0 1 1 1 0 0 1 0 0 0 0 1 0 0 0 0 0 0 1 0 0 1 0 1 0 0 1 1 0 1 0 1 1 1 1 1 0 1 0 0 1 0 1 0.317757
1 1 1 0 1 1 0 1 0 0 1 1 0 0 1 0 1 0 1 0 0 1 0 1 1 1 1 1 0 1 1 1 1 0 1 0 0 1 1 0 1 0 0 0 0 1 1 0 1 0 0 1 0 0 0 1 0 0 1 0 1 0 1 1 1 1 0 1 1 1 0.39316237
1 2 0 1 0 1 0 1 0 0 0 1 1 1 0 1 1 1 0 1 0 1 0 1 1 0 1 1 0 1 1 1 0 0 0 1 0 0 1 1 0 1 0 1 1 0 0 1 1 0 1 1 1 1 0 1 1 0 1 0 1 1 0 1 1 1 1 0 0 0 0.47457626
1 3 0 0 0 1 1 0 1 1 0 1 0 0 1 0 1 0 1 0 0 1 0 1 0 1 0 1 1 0 0 1 0 0 0 1 1 1 0 1 1 1 1 1 1 0 1 1 0 0 0 1 0 1 0 1 1 1 1 0 0 0 1 1 0 1 1 0 1 1 0.5365854
2 1 1 1 0 0 1 1 1 1 1 0 1 0 1 1 1 1 0 1 1 1 0 0 0 0 1 0 1 0 1 0 1 1 0 1 0 1 0 1 1 0 0 0 0 1 1 1 1 1 1 0 1 1 1 0 1 1 1 1 1 1 1 0 0 0 1 1 0 1 0.50420165
2 2 0 1 0 1 0 1 0 0 0 1 1 1 0 1 1 1 0 1 0 1 0 1 1 0 1 1 0 1 1 1 0 0 0 1 0 0 1 1 0 1 0 1 1 0 0 1 1 0 1 1 1 1 0 1 1 0 1 0 1 1 0 1 1 1 1 0 0 0 0.47457626
2 3 0 0 0 1 1 0 1 1 0 1 0 0 1 0 1 0 1 0 0 1 0 1 0 1 0 1 1 0 0 1 0 0 0 1 1 1 0 1 1 1 1 1 1 0 1 1 0 0 0 1 0 1 0 1 1 1 1 0 0 0 1 1 0 1 1 0 1 1 0.5365854
3 1 1 1 0 0 1 1 1 1 1 0 1 0 1 1 1 1 0 1 1 1 0 0 0 0 1 0 1 0 1 0 1 1 0 1 0 1 0 1 1 0 0 0 0 1 1 1 1 1 1 0 1 1 1 0 1 1 1 1 1 1 1 0 0 0 1 1 0 1 0.50420165
3 2 0 0 1 0 1 1 0 0 1 0 1 1 1 1 0 1 1 1 1 0 0 0 1 1 1 1 0 1 1 0 0 1 0 0 0 1 0 0 0 0 1 0 1 0 0 0 0 1 1 0 1 1 0 1 1 1 0 1 1 1 1 0 0 1 1 0 0 1 0.4915254
3 3 0 0 0 1 1 0 0 0 1 0 1 1 1 1 0 0 1 0 0 0 0 1 0 1 1 1 0 0 0 0 0 1 1 0 1 0 0 1 0 1 1 0 0 1 1 1 1 0 0 1 0 1 1 0 1 0 1 0 0 0 1 1 0 0 1 0 0 1 0.5528455
